500,1000
270,388
474,156
27,149
236,183
77,184
303,94
230,171
301,400
262,295
37,213
346,193
345,174
80,283
280,339
3,261
272,232
27,223
57,53
97,107
290,151
482,93
68,66
309,6
20,98
192,108
427,336
50,377
312,260
13,307
31,180
234,417
212,116
428,95
141,42
134,334
190,254
16,94
180,302
427,328
121,255
246,244
276,460
386,245
500,393
447,318
355,169
183,133
317,492
190,243
187,218
179,370
285,92
268,151
47,167
138,262
500,130
431,470
152,20
166,282
22,92
322,120
99,156
114,444
20,438
240,221
251,342
350,56
381,436
425,165
46,490
447,94
80,273
231,273
487,4
293,241
340,150
294,85
245,233
75,153
450,14
19,418
268,480
174,427
111,461
264,99
496,86
376,401
498,114
4,460
42,280
183,406
209,280
306,252
326,88
45,311
67,482
447,186
84,11
195,80
153,291
342,481
292,72
240,289
475,15
211,468
79,413
457,107
381,64
270,180
162,25
370,183
257,337
294,391
347,243
321,389
117,334
238,381
156,354
105,119
411,36
251,47
470,157
287,440
2,468
323,90
37,353
348,338
339,244
215,282
447,188
94,368
183,259
418,283
372,153
234,206
405,186
339,389
210,346
435,6
266,461
90,289
190,361
309,344
414,39
221,472
437,372
93,361
299,262
459,128
263,293
137,366
157,452
114,305
23,85
312,294
33,370
179,500
338,276
226,189
483,234
370,250
448,5
302,29
340,357
425,360
337,266
446,102
27,79
455,124
387,74
138,368
340,158
93,382
348,57
297,368
442,201
82,390
458,456
213,500
47,205
180,307
379,281
382,451
417,167
398,94
460,184
171,181
65,366
53,433
404,134
302,144
7,233
394,178
383,156
359,70
206,170
411,188
370,166
340,95
35,384
28,129
254,155
364,98
407,349
402,319
44,223
335,374
427,101
243,270
368,190
234,232
478,499
333,30
387,219
106,42
442,460
391,260
285,247
293,428
436,461
48,414
364,281
265,202
340,425
385,151
69,211
442,249
219,424
155,47
97,170
89,372
153,123
56,303
186,80
477,285
334,46
336,394
118,110
91,440
114,58
375,331
335,124
351,274
4,468
378,370
370,435
305,97
23,119
405,63
333,191
340,15
361,473
242,42
367,271
79,231
61,46
54,58
193,470
447,12
422,86
450,266
400,45
24,6
297,276
15,179
413,62
484,282
331,9
171,72
248,296
35,170
365,387
341,26
334,97
4,185
27,429
183,394
371,294
141,33
207,66
368,97
147,359
106,462
228,302
30,156
206,333
163,464
448,26
214,19
393,316
435,423
158,75
24,397
281,427
272,324
290,344
143,113
473,482
287,79
196,41
380,234
104,78
179,254
166,301
317,362
120,481
414,493
293,288
292,178
216,333
16,463
9,107
225,49
94,254
266,179
440,115
118,317
268,40
196,160
312,394
430,16
38,39
274,226
307,475
373,322
333,136
302,286
199,304
231,264
406,334
408,142
92,291
469,101
247,369
63,360
325,380
173,402
150,432
405,178
118,322
274,458
193,85
226,197
243,388
52,338
254,395
309,405
401,138
472,458
404,421
403,104
135,64
200,278
409,18
445,493
480,257
448,213
220,134
380,346
368,65
219,114
437,412
86,337
73,163
276,472
238,18
431,184
433,7
243,190
6,397
470,342
360,191
31,126
412,485
286,15
11,137
283,352
134,178
340,468
372,498
172,262
412,421
497,164
341,5
409,377
132,270
371,435
68,253
37,309
63,205
345,210
411,241
14,333
432,53
438,57
254,101
91,79
44,32
286,83
359,28
408,281
308,179
275,358
134,195
42,488
21,59
125,239
320,398
91,236
402,96
492,142
64,468
319,379
281,343
232,221
144,77
217,166
309,474
483,228
116,184
486,485
313,8
59,397
145,73
467,155
343,196
54,44
318,303
39,275
440,170
111,391
59,490
40,471
315,11
456,34
126,318
378,295
188,401
74,36
36,20
295,57
273,277
35,90
318,30
487,295
353,371
320,401
34,212
177,73
217,74
357,426
407,273
456,54
310,61
274,338
449,255
5,367
385,57
429,184
497,449
148,339
425,71
168,90
264,368
295,353
147,270
340,93
315,35
277,389
442,495
438,326
206,115
8,246
332,12
117,351
199,159
396,48
179,150
92,450
251,436
477,93
168,3
464,146
459,422
233,229
294,95
9,190
230,395
67,171
75,434
302,108
172,167
32,216
477,201
316,283
299,124
37,481
179,494
365,302
176,442
257,315
277,425
367,237
73,171
91,474
310,24
325,343
7,166
41,295
25,475
170,86
73,42
89,140
157,402
291,450
321,202
143,77
487,272
88,82
168,342
429,176
391,131
103,11
81,261
216,357
349,233
497,499
291,89
237,74
427,251
233,265
373,327
408,429
220,477
354,277
385,12
446,186
100,258
407,320
186,41
171,138
183,88
475,324
267,334
397,4
279,457
200,8
369,444
269,305
98,44
400,13
453,380
116,169
183,85
376,108
385,330
459,5
308,62
182,162
436,236
183,436
283,68
68,291
459,345
425,66
279,71
479,233
326,183
192,487
491,164
454,430
218,383
5,151
283,53
336,127
325,112
406,376
244,264
480,377
175,351
260,14
314,168
42,199
392,495
241,372
421,351
316,332
478,79
499,263
227,25
476,183
18,174
438,190
203,272
421,444
423,367
436,158
105,234
161,446
291,286
382,70
28,43
107,314
190,4
115,69
299,402
402,114
443,377
447,333
423,67
178,222
258,448
144,275
313,149
203,86
22,55
295,137
309,459
15,104
268,332
153,196
304,301
410,190
212,12
346,358
366,121
61,125
362,174
169,4
109,341
203,162
251,441
368,428
487,101
402,331
75,316
72,340
437,482
401,340
57,376
81,146
432,442
51,15
253,388
211,131
150,53
292,366
421,417
345,463
85,218
408,58
419,24
437,345
191,218
255,79
53,100
345,166
64,248
315,85
411,109
119,187
416,103
415,80
416,275
265,159
334,362
357,69
275,253
363,39
321,186
60,383
4,19
416,494
137,491
442,251
399,203
238,3
40,60
49,214
159,252
54,31
9,70
211,117
442,436
218,192
111,144
378,463
34,449
10,142
367,92
187,441
278,430
483,129
228,265
385,395
312,468
12,395
215,110
105,445
413,169
9,437
328,271
149,484
388,365
487,318
346,57
199,160
332,150
11,124
316,57
23,122
488,44
176,245
427,327
379,67
66,293
103,14
176,248
340,61
160,355
84,74
2,299
244,107
500,140
54,184
489,141
176,17
453,16
72,90
356,246
476,100
200,48
168,209
146,16
128,238
267,266
410,294
352,389
177,37
23,491
429,479
281,425
275,335
429,384
186,202
48,420
66,289
44,325
485,499
496,85
420,415
451,366
333,380
188,396
160,425
42,354
468,202
386,313
491,4
93,406
177,270
323,189
201,418
247,258
436,95
341,413
285,244
399,113
43,148
494,387
445,458
232,83
486,412
79,392
216,161
411,496
204,12
191,266
339,69
232,66
127,310
12,221
382,31
413,367
278,89
384,27
391,324
352,392
170,432
194,218
328,124
146,430
187,151
422,80
215,270
381,366
393,456
81,313
16,376
229,158
305,378
494,456
234,359
392,366
436,372
196,217
259,376
9,170
375,116
55,228
103,431
94,110
183,96
271,411
399,102
300,186
496,493
270,233
162,327
265,42
469,66
128,450
66,202
207,340
343,216
337,420
62,493
144,403
158,368
120,461
164,327
147,229
127,52
356,223
188,276
453,23
24,310
254,332
68,174
191,157
142,187
414,56
351,220
197,390
89,415
230,460
41,104
25,121
184,57
436,416
219,106
272,97
327,126
221,119
17,305
442,163
43,241
146,177
379,72
141,193
317,396
272,470
455,465
332,48
499,115
289,305
105,337
378,352
366,39
170,481
310,43
160,500
392,8
5,342
151,463
222,417
42,487
353,55
210,154
166,380
97,52
206,11
98,294
490,267
197,476
456,328
78,149
201,322
324,319
88,356
45,444
318,155
128,399
369,462
239,136
21,314
279,243
334,91
21,465
174,374
205,125
64,380
343,414
147,278
334,54
333,331
165,220
497,16
184,50
425,161
305,435
221,411
67,381
118,87
425,89
471,232
337,291
317,335
152,406
29,244
167,474
462,466
216,90
125,170
227,230
297,200
482,333
400,482
138,481
133,155
332,60
269,72
157,56
389,85
360,374
156,413
116,97
274,147
215,311
389,380
20,210
360,440
57,32
69,140
18,46
356,133
472,142
366,465
201,370
426,133
301,262
75,277
21,18
370,397
230,8
453,399
162,106
463,334
189,195
158,100
297,472
441,129
382,378
90,232
438,463
301,141
419,249
84,327
95,33
371,77
446,302
399,369
195,400
163,156
71,166
90,362
438,227
114,345
468,59
208,40
125,9
403,255
271,71
421,122
155,395
204,19
7,347
304,55
348,140
274,495
294,396
112,209
420,475
163,116
28,423
77,103
297,79
171,50
419,171
349,488
